%YAML:1.0
---
image_width: 1920
image_height: 1080
dict: DICT_5X5_1000
squares: 9
square_m: 0.071999999999999995
marker_m: 0.050000000000000003
rms: 0.42141844797950934
K: !!opencv-matrix
   rows: 3
   cols: 3
   dt: d
   data: [ 1706.6103950382665, 0., 963.9315119539167, 0.,
       1714.8050566804995, 504.21015669186892, 0., 0., 1. ]
D: !!opencv-matrix
   rows: 1
   cols: 5
   dt: d
   data: [ -0.029374026363402458, 0.18698272620530473,
       -0.0058866256980537584, 0.00061386349337822291,
       -0.47429288333432118 ]
